test_return_mean : 10.3125
test_return_std : 5.294085733155443
test_episode_limit_mean : 1.0
test_ep_length_mean : 200.0
test_episode_completion_mean : 0.004375000000000001
return_mean : 11.09375
return_std : 9.861095828431036
episode_limit_mean : 0.984375
ep_length_mean : 198.90625
episode_completion_mean : 0.003330078125000001
