test_return_mean : 38.75
test_return_std : 3.307189138830738
test_episode_limit_mean : 0.125
test_ep_length_mean : 121.6875
test_episode_completion_mean : 0.009360409150846764
return_mean : 35.078125
return_std : 8.291193911878734
episode_limit_mean : 0.34375
ep_length_mean : 150.65625
episode_completion_mean : 0.007626708712257567
