individiaul_timesteps: 844800 842383 843958 844800 
meta_loss : -0.03043922910001129
test_return_mean : 12.109375
