individiaul_timesteps: 1647565 1518101 1549397 1641113 
meta_loss : -0.06558456597849727
test_return_mean : 36.484375
