individiaul_timesteps: 2253596 2102794 2157110 2285192 
meta_loss : -0.057041773572564125
test_return_mean : 37.96875
