test_return_mean : 0.9375
test_return_std : 2.9148059540902547
test_episode_limit_mean : 1.0
test_ep_length_mean : 200.0
test_episode_completion_mean : 0.00046875
return_mean : 0.078125
return_std : 0.8804240366863004
episode_limit_mean : 1.0
ep_length_mean : 200.0
episode_completion_mean : 3.90625e-05
