test_return_mean : 39.0625
test_return_std : 2.9148059540902547
test_episode_limit_mean : 0.09375
test_ep_length_mean : 113.03125
test_episode_completion_mean : 0.010211284841747464
return_mean : 32.890625
return_std : 12.878782438933232
episode_limit_mean : 0.2734375
ep_length_mean : 140.421875
episode_completion_mean : 0.007834713075399314
