individiaul_timesteps: 25600 25600 25600 25600 
meta_loss : -0.06253980449400842
test_return_mean : 0.15625
