individiaul_timesteps: 25600 25600 25600 25600 
meta_loss : -0.0767949337605387
test_return_mean : 0.390625
