individiaul_timesteps: 435200 435200 435200 435200 
meta_loss : -0.038099316181614995
test_return_mean : 0.078125
