test_return_mean : 5.0
test_return_std : 7.905694150420948
test_episode_limit_mean : 1.0
test_ep_length_mean : 200.0
test_episode_completion_mean : 0.0017187499999999998
return_mean : 3.046875
return_std : 5.803904094174455
episode_limit_mean : 1.0
ep_length_mean : 200.0
episode_completion_mean : 0.0012109375
